Sn	Sp
1	0.000481
1	0.000481
1	0.000962001
1	0.000962001
1	0.002886
1	0.004329
1	0.004329
1	0.004329
1	0.00481
1	0.00577201
1	0.00625301
1	0.00913901
1	0.00962001
1	0.011063
1	0.011063
1	0.013468
1	0.01443
1	0.015392
1	0.015392
1	0.015392
1	0.016354
1	0.017316
1	0.017797
1	0.018278
1	0.019721
1	0.021645
1	0.022607
1	0.02405
1	0.025974
1	0.025974
1	0.026455
1	0.026455
1	0.026455
1	0.027898
1	0.029341
1	0.031265
1	0.034151
1	0.034151
1	0.035113
1	0.035594
1	0.036075
1	0.037518
1	0.038961
1	0.039442
1	0.041366
1	0.042809
1	0.044252
1	0.044252
1	0.044733
1	0.045214
1	0.046176
1	0.047619
1	0.047619
1	0.047619
1	0.0509861
1	0.0514671
1	0.0529101
1	0.0538721
1	0.0557961
1	0.0577201
1	0.0586821
1	0.0586821
1	0.0586821
1	0.0591631
1	0.0606061
1	0.0620491
1	0.0625301
1	0.0634921
1	0.0649351
1	0.0683021
1	0.0683021
1	0.0687831
1	0.0692641
1	0.0692641
1	0.0702261
1	0.0707071
1	0.0716691
1	0.0721501
1	0.0721501
1	0.0726311
1	0.0726311
1	0.0731121
1	0.0735931
1	0.0750361
1	0.0755171
1	0.0803271
1	0.0803271
1	0.0812891
1	0.0812891
1	0.0812891
1	0.0817701
1	0.0827321
1	0.0836941
1	0.0856181
1	0.0865801
1	0.0865801
1	0.0875421
1	0.0885041
1	0.0904281
1	0.0904281
1	0.0913901
1	0.0923521
1	0.0942761
1	0.0942761
1	0.0942761
1	0.0952381
1	0.0986051
1	0.0990861
1	0.100048
1	0.101491
1	0.102453
1	0.102453
1	0.103896
1	0.106782
1	0.109187
1	0.112073
1	0.112554
1	0.113035
1	0.113035
1	0.116402
1	0.117845
1	0.119769
1	0.122174
1	0.123617
1	0.123617
1	0.124579
1	0.124579
1	0.126022
1	0.126503
1	0.126984
1	0.128427
1	0.130351
1	0.130832
1	0.131794
1	0.133237
1	0.13468
1	0.13468
1	0.135161
1	0.135642
1	0.136604
1	0.136604
1	0.13949
1	0.139971
1	0.139971
1	0.140452
1	0.140452
1	0.140933
1	0.142376
1	0.143338
1	0.143819
1	0.1443
1	0.1443
1	0.144781
1	0.146705
1	0.146705
1	0.147667
1	0.14911
1	0.14911
1	0.149591
1	0.150072
1	0.151034
1	0.152477
1	0.154882
1	0.155844
1	0.157287
1	0.157287
1	0.157768
1	0.157768
1	0.157768
1	0.157768
1	0.158249
1	0.15873
1	0.159692
1	0.164502
1	0.164983
1	0.165945
1	0.166907
1	0.167388
1	0.167869
1	0.168831
1	0.169793
1	0.170755
1	0.172198
1	0.17316
1	0.173641
1	0.173641
1	0.174603
1	0.177008
1	0.179413
1	0.181337
1	0.181818
1	0.184223
1	0.187109
1	0.187109
1	0.187109
1	0.188552
1	0.189995
1	0.190476
1	0.191438
1	0.191438
1	0.192881
1	0.194324
1	0.196729
1	0.198653
1	0.199615
1	0.200096
1	0.200577
1	0.200577
1	0.201539
1	0.202501
1	0.202982
1	0.203944
1	0.203944
1	0.204425
1	0.204425
1	0.204906
1	0.205387
1	0.205387
1	0.20683
1	0.207311
1	0.212602
1	0.213083
1	0.213564
1	0.214045
1	0.215007
1	0.217412
1	0.217412
1	0.217893
1	0.218374
1	0.219336
1	0.222703
1	0.224146
1	0.227032
1	0.227513
1	0.229918
1	0.230399
1	0.231842
1	0.232804
1	0.234247
1	0.236171
1	0.236652
1	0.238576
1	0.242424
1	0.242424
1	0.243386
1	0.244348
1	0.244829
1	0.24531
1	0.245791
1	0.245791
1	0.246272
1	0.246272
1	0.247234
1	0.247234
1	0.247715
1	0.248196
1	0.249158
1	0.249158
1	0.249158
1	0.249158
1	0.252044
1	0.253968
1	0.254449
1	0.257816
1	0.258778
1	0.259259
1	0.25974
1	0.260221
1	0.261183
1	0.262145
1	0.262145
1	0.263107
1	0.263107
1	0.265512
1	0.265993
1	0.269841
1	0.270803
1	0.271284
1	0.271765
1	0.272246
1	0.273689
1	0.276094
1	0.276094
1	0.277537
1	0.277537
1	0.278018
1	0.278018
1	0.279461
1	0.282828
1	0.283309
1	0.284752
1	0.284752
1	0.286195
1	0.286676
1	0.286676
1	0.289081
1	0.291005
1	0.295334
1	0.296296
1	0.299663
1	0.299663
1	0.300144
1	0.300144
1	0.302068
1	0.306397
1	0.309283
1	0.311207
1	0.311207
1	0.311688
1	0.311688
1	0.313612
1	0.313612
1	0.313612
1	0.316017
1	0.316017
1	0.316979
1	0.318903
1	0.320827
1	0.321308
1	0.321789
1	0.323713
1	0.324194
1	0.324194
1	0.325156
1	0.325156
1	0.326599
1	0.326599
1	0.326599
1	0.32708
1	0.327561
1	0.327561
1	0.329966
1	0.329966
1	0.330447
1	0.333333
1	0.335257
1	0.336219
1	0.338143
1	0.338624
1	0.339105
1	0.339586
1	0.340067
1	0.342953
1	0.344396
1	0.345358
1	0.34632
1	0.34632
1	0.347282
1	0.348244
1	0.348725
1	0.349687
1	0.354497
1	0.355459
1	0.35594
1	0.35594
1	0.35594
1	0.356421
1	0.356902
1	0.361231
1	0.362674
1	0.364598
1	0.364598
1	0.365079
1	0.36556
1	0.367003
1	0.367965
1	0.368446
1	0.368927
1	0.370851
1	0.371332
1	0.371813
1	0.372775
1	0.373256
1	0.373737
1	0.373737
1	0.374699
1	0.374699
1	0.37518
1	0.376142
1	0.376623
1	0.377104
1	0.379509
1	0.380952
1	0.381433
1	0.382876
1	0.385281
1	0.385762
1	0.386243
1	0.389129
1	0.390091
1	0.391053
1	0.391053
1	0.392015
1	0.393939
1	0.39442
1	0.394901
1	0.396344
1	0.398749
1	0.398749
1	0.399711
1	0.401154
1	0.401635
1	0.401635
1	0.402116
1	0.404521
1	0.406926
1	0.407407
1	0.407407
1	0.409812
1	0.409812
1	0.409812
1	0.412698
1	0.413179
1	0.415103
1	0.416546
1	0.416546
1	0.417027
1	0.417027
1	0.417027
1	0.417989
1	0.418951
1	0.421356
1	0.421837
1	0.422318
1	0.424242
1	0.424723
1	0.426166
1	0.427128
1	0.427609
1	0.42809
1	0.428571
1	0.431457
1	0.434343
1	0.434343
1	0.436267
1	0.436748
1	0.438672
1	0.438672
1	0.438672
1	0.442039
1	0.443482
1	0.444925
1	0.445406
1	0.446849
1	0.44733
1	0.447811
1	0.447811
1	0.449735
1	0.453583
1	0.455507
1	0.455988
1	0.458393
1	0.459836
1	0.461279
1	0.462241
1	0.463684
1	0.464646
1	0.465127
1	0.465127
1	0.465608
1	0.466089
1	0.466089
1	0.466089
1	0.46657
1	0.46657
1	0.467051
1	0.468494
1	0.469937
1	0.472342
1	0.472823
1	0.474747
1	0.47619
1	0.477152
1	0.477152
1	0.479076
1	0.479557
1	0.482443
1	0.486291
1	0.486291
1	0.487734
1	0.488215
1	0.488215
1	0.488696
1	0.490139
1	0.492544
1	0.492544
1	0.492544
1	0.493025
1	0.493025
1	0.494468
1	0.495911
1	0.497354
1	0.497835
1	0.497835
1	0.497835
1	0.498316
1	0.499278
1	0.500241
1	0.500241
1	0.501684
1	0.503608
1	0.503608
1	0.503608
1	0.504089
1	0.50457
1	0.50457
1	0.50457
1	0.505532
1	0.507937
1	0.509861
1	0.510342
1	0.512747
1	0.513228
1	0.513709
1	0.51419
1	0.516595
1	0.517557
1	0.517557
1	0.521405
1	0.521886
1	0.522367
1	0.523329
1	0.528139
1	0.529101
1	0.530063
1	0.531987
1	0.534392
1	0.534873
1	0.535354
1	0.536797
1	0.536797
1	0.536797
1	0.537278
1	0.537759
1	0.53824
1	0.53824
1	0.539683
1	0.539683
1	0.541607
1	0.541607
1	0.542569
1	0.543531
1	0.543531
1	0.544974
1	0.549303
1	0.549303
1	0.549303
1	0.550265
1	0.550746
1	0.55267
1	0.556037
1	0.556518
1	0.556999
1	0.556999
1	0.558442
1	0.559404
1	0.560366
1	0.560366
1	0.56229
1	0.564695
1	0.564695
1	0.566138
1	0.5671
1	0.5671
1	0.570467
1	0.57191
1	0.573834
1	0.573834
1	0.573834
1	0.576239
1	0.576239
1	0.577201
1	0.577682
1	0.579606
1	0.581049
1	0.582973
1	0.583935
1	0.585378
1	0.587783
1	0.588264
1	0.590188
1	0.590188
1	0.593555
1	0.594517
1	0.594517
1	0.595479
1	0.595479
1	0.596922
1	0.598365
1	0.598846
1	0.599327
1	0.60077
1	0.60077
1	0.601251
1	0.602213
1	0.602694
1	0.604137
1	0.604137
1	0.605099
1	0.606061
1	0.606061
1	0.606061
1	0.606061
1	0.606061
1	0.607504
1	0.607985
1	0.608466
1	0.608947
1	0.609428
1	0.612314
1	0.612314
1	0.6152
1	0.618567
1	0.619529
1	0.619529
1	0.619529
1	0.620972
1	0.621934
1	0.621934
1	0.622415
1	0.622415
1	0.623377
1	0.623858
1	0.626263
1	0.626744
1	0.628187
1	0.62963
1	0.62963
1	0.62963
1	0.630111
1	0.630592
1	0.631073
1	0.632035
1	0.632035
1	0.632997
1	0.633959
1	0.634921
1	0.638288
1	0.638769
1	0.638769
1	0.639731
1	0.641655
1	0.641655
1	0.641655
1	0.64406
1	0.64406
1	0.645984
1	0.648389
1	0.649351
1	0.650794
1	0.650794
1	0.650794
1	0.653199
1	0.654161
1	0.654642
1	0.657047
1	0.657047
1	0.658009
1	0.65849
1	0.659452
1	0.659933
1	0.659933
1	0.660414
1	0.660414
1	0.661857
1	0.662819
1	0.662819
1	0.663781
1	0.665224
1	0.667148
1	0.667629
1	0.670034
1	0.670515
1	0.670996
1	0.672439
1	0.672439
1	0.673401
1	0.673882
1	0.673882
1	0.674363
1	0.674844
1	0.675325
1	0.675806
1	0.676287
1	0.678211
1	0.678692
1	0.680616
1	0.681097
1	0.681578
1	0.681578
1	0.681578
1	0.682059
1	0.682059
1	0.683983
1	0.686388
1	0.688312
1	0.688312
1	0.688793
1	0.690717
1	0.692641
1	0.693122
1	0.693603
1	0.694565
1	0.698413
1	0.698413
1	0.698413
1	0.701299
1	0.701299
1	0.701299
1	0.702742
1	0.702742
1	0.702742
1	0.702742
1	0.703704
1	0.703704
1	0.704185
1	0.706109
1	0.708514
1	0.709476
1	0.709957
1	0.711881
1	0.714767
1	0.715248
1	0.715729
1	0.715729
1	0.716691
1	0.716691
1	0.718615
1	0.720058
1	0.720058
1	0.720058
1	0.721982
1	0.721982
1	0.722463
1	0.722463
1	0.723425
1	0.724387
1	0.725349
1	0.726311
1	0.727273
1	0.728716
1	0.729197
1	0.731121
1	0.731121
1	0.732083
1	0.735931
1	0.736412
1	0.736412
1	0.736893
1	0.737374
1	0.737855
1	0.737855
1	0.738817
1	0.740741
1	0.741703
1	0.744108
1	0.74507
1	0.746032
1	0.746513
1	0.746994
1	0.747956
1	0.748437
1	0.748918
1	0.748918
1	0.749399
1	0.750842
1	0.750842
1	0.751323
1	0.751804
1	0.756133
1	0.758057
1	0.758057
1	0.758538
1	0.758538
1	0.7595
1	0.760943
1	0.760943
1	0.761424
1	0.762386
1	0.762386
1	0.765272
1	0.766234
1	0.768158
1	0.76912
1	0.769601
1	0.771525
1	0.773449
1	0.774411
1	0.776335
1	0.776816
1	0.77874
1	0.779221
1	0.779221
1	0.779702
1	0.780183
1	0.781626
1	0.781626
1	0.78355
1	0.784993
1	0.78836
1	0.789803
1	0.790284
1	0.790765
1	0.791246
1	0.791727
1	0.792689
1	0.79317
1	0.793651
1	0.794613
1	0.796537
1	0.797018
1	0.799423
1	0.799904
1	0.801347
1	0.801347
1	0.804714
1	0.804714
1	0.806157
1	0.806638
1	0.806638
1	0.809043
1	0.811929
1	0.813372
1	0.814334
1	0.815296
1	0.81722
1	0.817701
1	0.818663
1	0.819625
1	0.821549
1	0.823473
1	0.828283
1	0.829245
1	0.830688
1	0.832612
1	0.833574
1	0.835017
1	0.83646
1	0.83646
1	0.838865
1	0.839346
1	0.840789
1	0.84127
1	0.841751
1	0.842713
1	0.843194
1	0.845118
1	0.845118
1	0.845118
1	0.84608
1	0.847042
1	0.848004
1	0.848004
1	0.85089
1	0.851371
1	0.853295
1	0.853295
1	0.853295
1	0.855219
1	0.857143
1	0.859067
1	0.859067
1	0.86051
1	0.864839
1	0.86532
1	0.86532
1	0.86532
1	0.868206
1	0.87013
1	0.870611
1	0.871092
1	0.872054
1	0.872054
1	0.873497
1	0.875421
1	0.876383
1	0.876383
1	0.877345
1	0.878307
1	0.878307
1	0.880231
1	0.880712
1	0.881674
1	0.881674
1	0.883117
1	0.884079
1	0.884079
1	0.886003
1	0.886484
1	0.886965
1	0.887927
1	0.888889
1	0.888889
1	0.889851
1	0.890813
1	0.893218
1	0.893218
1	0.893218
1	0.894661
1	0.895623
1	0.896585
1	0.897066
1	0.897547
1	0.897547
1	0.897547
1	0.898509
1	0.899471
1	0.900433
1	0.901395
1	0.901876
1	0.902357
1	0.9038
1	0.9038
1	0.904762
1	0.906686
1	0.907648
1	0.90861
1	0.909091
1	0.911496
1	0.912939
1	0.91342
1	0.914382
1	0.915344
1	0.915825
1	0.919192
1	0.919192
1	0.920154
1	0.922078
1	0.922078
1	0.92304
1	0.923521
1	0.924483
1	0.925445
1	0.926407
1	0.927369
1	0.92785
1	0.929293
1	0.929774
1	0.930255
1	0.93266
1	0.933622
1	0.933622
1	0.934584
1	0.936027
1	0.936989
1	0.936989
1	0.936989
1	0.93747
1	0.938432
1	0.939394
0.999519	0.941799
0.999519	0.943723
0.999519	0.944204
0.999519	0.946128
0.999519	0.948533
0.999519	0.949976
0.999519	0.950457
0.999038	0.953343
0.999038	0.953343
0.999038	0.953824
0.999038	0.954305
0.999038	0.955748
0.999038	0.955748
0.999038	0.957191
0.999038	0.957191
0.999038	0.960077
0.999038	0.960077
0.999038	0.961039
0.999038	0.962001
0.999038	0.963444
0.998557	0.963925
0.998557	0.965849
0.998557	0.967773
0.998557	0.968254
0.998557	0.968254
0.998557	0.969697
0.998557	0.970178
0.998557	0.970178
0.998557	0.971621
0.998557	0.973545
0.998557	0.973545
0.998557	0.974026
0.998557	0.974988
0.998076	0.977393
0.996633	0.98076
0.996152	0.981241
0.994228	0.985089
0.994228	0.986051
0.992785	0.986532
0.99038	0.988456
0.981722	0.99038
0.978355	0.991342
0.974026	0.991823
0.959596	0.993266
0.955748	0.993266
0.953343	0.993266
0.939875	0.995671
0.91342	0.996152
0.881193	0.997114
0.429533	1
